| date | open | last | high | low | volume | amount | exchange |
| --- | --- | --- | --- | --- | --- | --- | --- |
| 2026-07-03 | 7658.81 | 7748.91 | 7765.72 | 7548.24 | 15217563 | 60331118670 | 1.62 |
| 2026-07-02 | 7582.24 | 7593.78 | 7738.81 | 7533.27 | 16465929 | 67441571989 | 1.76 |
| 2026-07-01 | 7313.63 | 7612.73 | 7615.32 | 7161.09 | 181330 | 72445430000 | 1.93 |
| 2026-06-30 | 7429.64 | 7350.44 | 7441.46 | 7300.42 | 139654 | 55314790000 | 1.49 |
| 2026-06-29 | 7010.41 | 7464.35 | 7474.26 | 6925.72 | 194580 | 71929980000 | 2.08 |
| 2026-06-26 | 7220.29 | 7015.47 | 7254.66 | 7015.47 | 118270 | 42158850000 | 1.26 |
| 2026-06-25 | 7119.51 | 7218.07 | 7256.43 | 7020.48 | 135249 | 50090070000 | 1.45 |
| 2026-06-24 | 7123.72 | 7184.61 | 7327.3 | 7120.61 | 143904 | 53823090000 | 1.54 |
| 2026-06-23 | 7061.1 | 7103.55 | 7250.32 | 7059.07 | 142551 | 45456240000 | 1.52 |
| 2026-06-22 | 6975.66 | 7081.72 | 7084.39 | 6829.76 | 143323 | 45254840000 | 1.53 |
| 2026-06-18 | 6925.92 | 7012.16 | 7110.98 | 6892.46 | 136838 | 43197690000 | 1.46 |
| 2026-06-17 | 6976.77 | 6942.34 | 6986.05 | 6918.92 | 91426 | 27140440000 | 0.98 |
| 2026-06-16 | 7083.82 | 6980.78 | 7083.82 | 6967.97 | 99016 | 30145980000 | 1.06 |
| 2026-06-15 | 7125.09 | 7107.38 | 7159.54 | 7064.84 | 108912 | 32449910000 | 1.17 |
| 2026-06-12 | 7014.25 | 7139.39 | 7148.25 | 6945 | 156396 | 45944390000 | 1.57 |
| 2026-06-11 | 6969.87 | 6996.27 | 7022.02 | 6933.9 | 103191 | 29798850000 | 1.04 |
| 2026-06-10 | 6910.81 | 7013.76 | 7015.03 | 6904.42 | 103437 | 31783060000 | 1.04 |
| 2026-06-09 | 6954.56 | 6943.6 | 6965.23 | 6859.45 | 95303 | 32505820000 | 0.96 |
| 2026-06-08 | 7024.43 | 6957.13 | 7091.71 | 6880.37 | 108250 | 33176230000 | 1.09 |
| 2026-06-05 | 7134.27 | 7093.89 | 7212.71 | 7076.35 | 102989 | 34452970000 | 1.04 |
| 2026-06-04 | 7139.88 | 7068.82 | 7178.75 | 7043.92 | 103398 | 29768720000 | 1.04 |
| 2026-06-03 | 7255.88 | 7164.51 | 7255.88 | 7151.15 | 107328 | 33614150000 | 1.08 |
| 2026-06-02 | 7347.26 | 7281.57 | 7347.26 | 7243.43 | 99622 | 34825350000 | 1 |
| 2026-06-01 | 7418.16 | 7362.28 | 7501.91 | 7336 | 122262 | 44361150000 | 1.23 |
| 2026-05-29 | 7323.27 | 7426.68 | 7518.59 | 7311.77 | 146042 | 49322010000 | 1.47 |
| 2026-05-28 | 7433.15 | 7323.32 | 7454.8 | 7284.2 | 119846 | 36863330000 | 1.21 |
| 2026-05-27 | 7459.02 | 7465.77 | 7508.45 | 7334.04 | 120032 | 40891930000 | 1.21 |
| 2026-05-26 | 7464.08 | 7484.57 | 7510.77 | 7423.93 | 116398 | 37609240000 | 1.17 |
| 2026-05-25 | 7502.37 | 7486.82 | 7533.88 | 7429.72 | 113731 | 37654860000 | 1.15 |
| 2026-05-22 | 7647.37 | 7528.84 | 7652.96 | 7515.31 | 117775 | 40715530000 | 1.19 |
| 2026-05-21 | 7587.1 | 7617.91 | 7801.22 | 7587.1 | 150817 | 53738510000 | 1.52 |
| 2026-05-20 | 7613.32 | 7577.35 | 7634.9 | 7521.58 | 125816 | 35644860000 | 1.27 |
| 2026-05-19 | 7610.12 | 7629.94 | 7690.9 | 7578.72 | 130575 | 34429030000 | 1.32 |
| 2026-05-18 | 7737.95 | 7608.29 | 7739.77 | 7576.49 | 124482 | 37854380000 | 1.25 |
| 2026-05-15 | 7832.47 | 7763.08 | 7881.22 | 7728.29 | 136530 | 40192540000 | 1.38 |
| 2026-05-14 | 8012.7 | 7823.35 | 8073.1 | 7823.35 | 150799 | 47474110000 | 1.52 |
| 2026-05-13 | 8062.96 | 8005.33 | 8082.36 | 7956.99 | 145828 | 48144870000 | 1.47 |
| 2026-05-12 | 8050.88 | 8073.92 | 8202.9 | 8001.07 | 183792 | 61981370000 | 1.85 |
| 2026-05-11 | 7957.07 | 8088 | 8103.74 | 7892.86 | 214613 | 60150820000 | 2.16 |
| 2026-05-08 | 8034.09 | 7958.9 | 8043.3 | 7952.4 | 140979 | 41010720000 | 1.42 |
| 2026-05-07 | 8035.1 | 8036.56 | 8066.84 | 7997.29 | 159875 | 44236990000 | 1.61 |
| 2026-05-06 | 8033.16 | 8008.68 | 8033.16 | 7984.22 | 135517 | 47286830000 | 1.37 |
| 2026-04-30 | 8055.8 | 8015.93 | 8094.27 | 8006.56 | 148137 | 43326290000 | 1.49 |
| 2026-04-29 | 8027.22 | 8062.85 | 8102.34 | 8016.21 | 120846 | 48098970000 | 1.22 |
| 2026-04-28 | 8032.87 | 8044.23 | 8144.43 | 8023.26 | 144446 | 46704070000 | 1.46 |
| 2026-04-27 | 7942.57 | 7925.63 | 7946.35 | 7892.3 | 109123 | 35392690000 | 1.10 |
| 2026-04-24 | 7943.68 | 7962.77 | 8018.31 | 7897.38 | 129783 | 39516920000 | 1.31 |
| 2026-04-23 | 7992.4 | 7974.43 | 8047.02 | 7924.27 | 130528 | 44606720000 | 1.32 |
| 2026-04-22 | 7926.77 | 7985.89 | 7988.36 | 7905.04 | 91696 | 31497290000 | 0.92 |
| 2026-04-21 | 7992.12 | 7953.55 | 8050.02 | 7931.27 | 87718 | 30199370000 | 0.88 |
| 2026-04-20 | 8004.82 | 7995.1 | 8033.24 | 7964.33 | 106407 | 36531530000 | 1.07 |
| 2026-04-17 | 8153.43 | 8014.12 | 8153.43 | 7988.6 | 109206 | 41596670000 | 1.10 |
| 2026-04-16 | 8204.16 | 8186.5 | 8218.91 | 8128.13 | 107321 | 37420350000 | 1.08 |
| 2026-04-15 | 8213.04 | 8207.92 | 8243.4 | 8099.24 | 143435 | 49080640000 | 1.45 |
| 2026-04-14 | 8086.25 | 8113.71 | 8117.34 | 7989.01 | 103062 | 37159690000 | 1.04 |
| 2026-04-13 | 8096.9 | 8059.49 | 8117.52 | 8047.61 | 102518 | 35127560000 | 1.03 |
| 2026-04-10 | 8116.59 | 8140.24 | 8227.88 | 8095.47 | 111411 | 37030040000 | 1.12 |
| 2026-04-09 | 8144.62 | 8099.61 | 8218.81 | 8096.95 | 111568 | 39237340000 | 1.12 |
| 2026-04-08 | 8157.5 | 8197.94 | 8202.04 | 8062.05 | 132104 | 46322110000 | 1.33 |
| 2026-04-07 | 8064.34 | 8060.35 | 8155.17 | 7964.13 | 89605 | 33586850000 | 0.90 |
| 2026-04-03 | 8142.7 | 8063.2 | 8154.85 | 8031.92 | 102568 | 38839030000 | 1.03 |
| 2026-04-02 | 8209.21 | 8215.97 | 8280.73 | 8170.53 | 129123 | 50533660000 | 1.30 |
| 2026-04-01 | 8053.28 | 8225.67 | 8225.93 | 7992.1 | 141655 | 53261820000 | 1.43 |
| 2026-03-31 | 7997.06 | 7955.11 | 8124.19 | 7955.11 | 108896 | 42296240000 | 1.10 |
| 2026-03-30 | 7867.63 | 7989.07 | 8003.8 | 7866.14 | 111091 | 39354380000 | 1.12 |
| 2026-03-27 | 7608.94 | 7926.42 | 7939.47 | 7606.44 | 112367 | 40551870000 | 1.13 |
| 2026-03-26 | 7766.68 | 7665.83 | 7855.63 | 7650.27 | 88070 | 28547340000 | 0.89 |
| 2026-03-25 | 7775.22 | 7780.23 | 7808.69 | 7753.26 | 95045 | 29652500000 | 0.96 |
| 2026-03-24 | 7655.41 | 7726.94 | 7729.13 | 7624.1 | 97959 | 33499530000 | 0.99 |
| 2026-03-23 | 7749.26 | 7547.93 | 7749.26 | 7511.22 | 139877 | 41813360000 | 1.41 |
| 2026-03-20 | 7950.96 | 7857.35 | 8034.77 | 7857.35 | 102846 | 34195160000 | 1.04 |
| 2026-03-19 | 8009.85 | 7945.28 | 8052.41 | 7927.76 | 94743 | 31591730000 | 0.95 |
| 2026-03-18 | 8046.92 | 8068.09 | 8078.11 | 7998.98 | 79669 | 27762260000 | 0.80 |
| 2026-03-17 | 8021.64 | 8051.31 | 8173.02 | 8013.07 | 100604 | 35621140000 | 1.01 |
| 2026-03-16 | 7984.75 | 8019.26 | 8044.85 | 7935.47 | 95481 | 30491440000 | 0.96 |
| 2026-03-13 | 7989.18 | 7983.61 | 8035.74 | 7964.4 | 87307 | 27549070000 | 0.88 |
| 2026-03-12 | 8073.27 | 8013.84 | 8082.41 | 7985.91 | 94636 | 29797540000 | 0.95 |
| 2026-03-11 | 8090.27 | 8064.44 | 8098.71 | 8034.31 | 85274 | 28106350000 | 0.86 |
| 2026-03-10 | 7971.52 | 8085.32 | 8087.16 | 7971.52 | 88094 | 29573150000 | 0.89 |
| 2026-03-09 | 7927.29 | 7921.52 | 7947.06 | 7846.38 | 101908 | 31817380000 | 1.03 |
| 2026-03-06 | 7817.31 | 8009.05 | 8014.88 | 7810.53 | 95784 | 31587690000 | 0.97 |
| 2026-03-05 | 7877.27 | 7831.58 | 7902.19 | 7805.32 | 84184 | 26819310000 | 0.85 |
| 2026-03-04 | 7852.28 | 7797.86 | 7898.83 | 7767.65 | 106851 | 32899500000 | 1.08 |
| 2026-03-03 | 8053.59 | 7895.26 | 8096.75 | 7891.44 | 147430 | 43142150000 | 1.49 |
| 2026-03-02 | 8087.74 | 8043.42 | 8143.08 | 7992.23 | 131088 | 40239950000 | 1.32 |
| 2026-02-27 | 8160.61 | 8180.37 | 8210.08 | 8143.11 | 82162 | 26182470000 | 0.83 |
| 2026-02-26 | 8266.21 | 8171.5 | 8279.04 | 8156.28 | 93700 | 32068270000 | 0.94 |
| 2026-02-25 | 8209.07 | 8257.65 | 8267.97 | 8195.74 | 107744 | 30690020000 | 1.09 |
| 2026-02-24 | 8271.17 | 8203.62 | 8276.76 | 8190.18 | 97396 | 27337200000 | 0.98 |
| 2026-02-13 | 8311.79 | 8202.02 | 8318.97 | 8200.42 | 88630 | 24849840000 | 0.89 |
| 2026-02-12 | 8354.95 | 8317.19 | 8397.42 | 8315.66 | 90211 | 27666550000 | 0.91 |
| 2026-02-11 | 8355.65 | 8356.84 | 8403.66 | 8349.01 | 83017 | 25752260000 | 0.84 |
| 2026-02-10 | 8292.3 | 8351.27 | 8398.07 | 8265.19 | 102004 | 32571340000 | 1.03 |
| 2026-02-09 | 8296.59 | 8292.58 | 8303.14 | 8256 | 114723 | 30968240000 | 1.16 |
| 2026-02-06 | 8265.69 | 8263.32 | 8323 | 8220.22 | 127705 | 36010860000 | 1.29 |
| 2026-02-05 | 8240.01 | 8283.7 | 8314.43 | 8235.05 | 116058 | 35965830000 | 1.17 |
| 2026-02-04 | 8117.51 | 8243.34 | 8245.9 | 8086.26 | 109689 | 32962270000 | 1.11 |
| 2026-02-03 | 8061.93 | 8131.4 | 8133.11 | 8005.96 | 105029 | 30296830000 | 1.06 |
| 2026-02-02 | 8159.79 | 8015.21 | 8218.5 | 8009 | 131895 | 38146010000 | 1.33 |
| 2026-01-30 | 8312.95 | 8198.63 | 8381.36 | 8186.57 | 136831 | 41000060000 | 1.38 |
| 2026-01-29 | 8216.91 | 8326.13 | 8348.31 | 8165.28 | 169667 | 50775700000 | 1.71 |
| 2026-01-28 | 8319.75 | 8226.91 | 8327.28 | 8214.76 | 149234 | 45793030000 | 1.50 |
| 2026-01-27 | 8445.87 | 8328.7 | 8448.08 | 8260.33 | 187636 | 48985970000 | 1.89 |
| 2026-01-26 | 8448.17 | 8433.54 | 8474.55 | 8334.82 | 237775 | 57654490000 | 2.40 |
| 2026-01-23 | 8382.06 | 8425 | 8456.09 | 8373.47 | 179896 | 44323820000 | 1.81 |
| 2026-01-22 | 8415.95 | 8348.92 | 8437.92 | 8329.32 | 118263 | 33967220000 | 1.19 |
| 2026-01-21 | 8396.43 | 8397.66 | 8482.95 | 8362.74 | 136370 | 35681420000 | 1.37 |
| 2026-01-20 | 8487.07 | 8414.24 | 8508.36 | 8385.56 | 153637 | 38548490000 | 1.55 |
| 2026-01-19 | 8518.89 | 8487.28 | 8553.46 | 8451.98 | 149770 | 38753570000 | 1.51 |
| 2026-01-16 | 8656.35 | 8544.9 | 8695.51 | 8524.51 | 185945 | 46625860000 | 1.87 |
| 2026-01-15 | 8699.1 | 8656.72 | 8774.11 | 8632.15 | 248774 | 53488140000 | 2.51 |
| 2026-01-14 | 8770.54 | 8726.36 | 8917.85 | 8643.13 | 226539 | 68237530000 | 2.28 |
| 2026-01-13 | 8739.3 | 8770.69 | 8925.05 | 8727.62 | 190174 | 65879250000 | 1.92 |
| 2026-01-12 | 8662.99 | 8668.31 | 8719.73 | 8600.53 | 133642 | 45952750000 | 1.35 |
| 2026-01-09 | 8518.78 | 8627.86 | 8635.89 | 8515.41 | 137273 | 42639590000 | 1.36 |
| 2026-01-08 | 8514.45 | 8507.35 | 8544.77 | 8469.09 | 133118 | 37965760000 | 1.32 |
| 2026-01-07 | 8458.26 | 8488.04 | 8544.62 | 8453.55 | 131272 | 40714610000 | 1.30 |
| 2026-01-06 | 8408.38 | 8457.92 | 8464.45 | 8369.15 | 158490 | 43077050000 | 1.57 |
| 2026-01-05 | 8107.7 | 8382.74 | 8395.4 | 8103.76 | 155103 | 49141390000 | 1.54 |
| 2025-12-31 | 8139.31 | 8090.68 | 8168.83 | 8081.4 | 79034 | 23181880000 | 0.79 |
| 2025-12-30 | 8166.01 | 8142.55 | 8172.94 | 8112.39 | 76026 | 23317820000 | 0.76 |
| 2025-12-29 | 8269.05 | 8182.84 | 8269.05 | 8177.93 | 86148 | 24248230000 | 0.86 |
| 2025-12-26 | 8274.86 | 8275.9 | 8299.3 | 8232.1 | 79815 | 21854120000 | 0.79 |
| 2025-12-25 | 8235.34 | 8281.91 | 8294.09 | 8220.07 | 76205 | 20279420000 | 0.76 |
| 2025-12-24 | 8226.94 | 8235.29 | 8260.21 | 8205.28 | 88371 | 21276030000 | 0.88 |
| 2025-12-23 | 8278.37 | 8231.22 | 8290.58 | 8221.81 | 101078 | 22663040000 | 1.01 |
| 2025-12-22 | 8298 | 8272.8 | 8315.74 | 8250.95 | 114772 | 24943500000 | 1.14 |
| 2025-12-19 | 8217.38 | 8301.75 | 8345.96 | 8203.52 | 160910 | 31428580000 | 1.60 |
| 2025-12-18 | 8177.13 | 8206.8 | 8256.55 | 8177.02 | 119872 | 23886530000 | 1.19 |
| 2025-12-17 | 8086.08 | 8199.27 | 8224.99 | 8061.25 | 103610 | 25910110000 | 1.03 |
| 2025-12-16 | 8191.92 | 8087.16 | 8226.62 | 8079.69 | 80482 | 25105510000 | 0.80 |
| 2025-12-15 | 8269.79 | 8200.13 | 8276.89 | 8200.13 | 74445 | 25527320000 | 0.74 |
| 2025-12-12 | 8275.9 | 8307.57 | 8314.23 | 8215.67 | 115849 | 34845350000 | 1.10 |
| 2025-12-11 | 8336.19 | 8276.66 | 8361.22 | 8274.26 | 93820 | 25931690000 | 0.89 |
| 2025-12-10 | 8300.75 | 8327.26 | 8334.05 | 8225.41 | 76969 | 23330950000 | 0.73 |
| 2025-12-09 | 8349.62 | 8309.88 | 8416.57 | 8305.49 | 81885 | 26344950000 | 0.77 |
| 2025-12-08 | 8374.99 | 8349.17 | 8408.49 | 8335.77 | 78477 | 24817820000 | 0.74 |
| 2025-12-05 | 8300.72 | 8334.58 | 8336.39 | 8231.41 | 71693 | 21551200000 | 0.68 |
| 2025-12-04 | 8284.07 | 8291.73 | 8314.81 | 8247.67 | 64637 | 19483860000 | 0.61 |
| 2025-12-03 | 8304.77 | 8275.22 | 8327.69 | 8251.72 | 78052 | 23403790000 | 0.74 |
| 2025-12-02 | 8409.78 | 8305.04 | 8412.38 | 8298.43 | 69346 | 22197780000 | 0.66 |
| 2025-12-01 | 8397.84 | 8423.65 | 8423.84 | 8368.89 | 82784 | 25354440000 | 0.78 |
| 2025-11-28 | 8388.18 | 8394.36 | 8397.13 | 8328.4 | 68616 | 22404750000 | 0.65 |
| 2025-11-27 | 8402.67 | 8375.18 | 8426.95 | 8343.68 | 73002 | 24125350000 | 0.69 |
| 2025-11-26 | 8397.05 | 8421.98 | 8506.58 | 8395.14 | 95905 | 28613840000 | 0.91 |
| 2025-11-25 | 8379.71 | 8383.11 | 8440.16 | 8339.59 | 88484 | 26073700000 | 0.84 |
| 2025-11-24 | 8322.08 | 8354.95 | 8381.05 | 8305.29 | 92238 | 26971980000 | 0.87 |
| 2025-11-21 | 8397.73 | 8281.34 | 8462.51 | 8243 | 115887 | 33463990000 | 1.10 |
| 2025-11-20 | 8521.48 | 8436.21 | 8551.4 | 8429.89 | 85323 | 24706750000 | 0.81 |
| 2025-11-19 | 8538.19 | 8487.46 | 8554.5 | 8470.27 | 85228 | 23407530000 | 0.81 |
| 2025-11-18 | 8584.14 | 8549.82 | 8621.82 | 8520.04 | 102012 | 26230430000 | 0.96 |
| 2025-11-17 | 8728.37 | 8593.98 | 8730.71 | 8559.24 | 115672 | 32664660000 | 1.09 |
| 2025-11-14 | 8762.99 | 8747.32 | 8853.07 | 8747.32 | 116535 | 35180710000 | 1.10 |
| 2025-11-13 | 8716.81 | 8801.48 | 8807.18 | 8692.71 | 116230 | 39301880000 | 1.10 |
| 2025-11-12 | 8673.81 | 8688.48 | 8768.3 | 8673.81 | 116786 | 37453810000 | 1.10 |
| 2025-11-11 | 8696.44 | 8661.95 | 8696.44 | 8616.44 | 113716 | 32565390000 | 1.08 |
| 2025-11-10 | 8581.29 | 8693.65 | 8701.16 | 8567.89 | 140355 | 43379520000 | 1.33 |
| 2025-11-07 | 8577.91 | 8578.34 | 8625.64 | 8557.79 | 114613 | 31676880000 | 1.08 |
| 2025-11-06 | 8569.17 | 8597.77 | 8601.36 | 8542.35 | 89849 | 26662960000 | 0.85 |
| 2025-11-05 | 8502.9 | 8575.62 | 8623.89 | 8502.9 | 91547 | 29487100000 | 0.87 |
| 2025-11-04 | 8718.85 | 8571.65 | 8718.85 | 8530.17 | 124583 | 39929310000 | 1.18 |
| 2025-11-03 | 8830.76 | 8732.18 | 8835.74 | 8686.33 | 137502 | 44209130000 | 1.30 |
| 2025-10-31 | 8674.2 | 8799.51 | 8841.88 | 8659.3 | 170793 | 54515600000 | 1.62 |
| 2025-10-30 | 8789.42 | 8667.67 | 8789.42 | 8666.33 | 162023 | 51725870000 | 1.54 |
| 2025-10-29 | 8778.91 | 8860.07 | 8860.07 | 8713.44 | 124392 | 43341000000 | 1.18 |
| 2025-10-28 | 8853.02 | 8788.66 | 8858.43 | 8772.57 | 128943 | 41199120000 | 1.22 |
| 2025-10-27 | 8917.44 | 8885.24 | 8957.55 | 8853.62 | 122351 | 46058250000 | 1.16 |
| 2025-10-24 | 8797.66 | 8811.32 | 8881.77 | 8769.51 | 86559 | 28977400000 | 0.82 |
| 2025-10-23 | 8784.03 | 8783.16 | 8806.91 | 8691.35 | 88369 | 27110260000 | 0.84 |
| 2025-10-22 | 8856.12 | 8802.41 | 8920.73 | 8796.88 | 94373 | 28301420000 | 0.90 |
| 2025-10-21 | 8811.34 | 8870 | 8887.01 | 8795.76 | 90902 | 30251600000 | 0.86 |
| 2025-10-20 | 8824.83 | 8785.99 | 8858.59 | 8755.93 | 90348 | 30202150000 | 0.86 |
| 2025-10-17 | 8950.69 | 8768.76 | 8976.31 | 8758.28 | 109646 | 35528570000 | 1.04 |
| 2025-10-16 | 8918.04 | 8952.81 | 9050.85 | 8886.9 | 120227 | 37488590000 | 1.14 |
| 2025-10-15 | 8790.17 | 8927 | 8932.38 | 8741.29 | 126008 | 38091660000 | 1.20 |
| 2025-10-14 | 8991.08 | 8775.9 | 9010.65 | 8746.72 | 128436 | 45459900000 | 1.22 |
| 2025-10-13 | 8861.78 | 8939.95 | 9002.13 | 8857.9 | 132664 | 43646510000 | 1.26 |
| 2025-10-10 | 9269.43 | 9123.5 | 9273.75 | 9103.86 | 122727 | 46534160000 | 1.16 |
| 2025-10-09 | 9269.9 | 9311.89 | 9311.89 | 9145.51 | 139215 | 46848140000 | 1.32 |
| 2025-09-30 | 9112 | 9267.08 | 9268.96 | 9105.77 | 101114 | 40735270000 | 0.96 |
| 2025-09-29 | 9085.69 | 9107.75 | 9130.7 | 8935.57 | 113015 | 40706630000 | 1.07 |
| 2025-09-26 | 9174.86 | 9089.64 | 9174.86 | 9089.64 | 101242 | 39851370000 | 0.96 |
| 2025-09-25 | 9218.57 | 9263.2 | 9295.56 | 9194.02 | 110232 | 45872600000 | 1.05 |
| 2025-09-24 | 9040.19 | 9180.31 | 9192.88 | 9040.19 | 110501 | 39945740000 | 1.05 |
| 2025-09-23 | 9185.67 | 9049.86 | 9189.72 | 8918.44 | 142482 | 48019810000 | 1.35 |
| 2025-09-22 | 9235.85 | 9201.66 | 9344.82 | 9140.09 | 113757 | 40599050000 | 1.08 |
| 2025-09-19 | 9307.93 | 9207.88 | 9351.21 | 9151.38 | 132807 | 44760100000 | 1.26 |
| 2025-09-18 | 9358.97 | 9310.63 | 9477.21 | 9222.7 | 184749 | 63247660000 | 1.75 |
| 2025-09-17 | 9325.62 | 9341.59 | 9374.72 | 9247.79 | 112442 | 42729120000 | 1.07 |
| 2025-09-16 | 9336.06 | 9321.83 | 9347.28 | 9226.51 | 119739 | 40647840000 | 1.14 |
| 2025-09-15 | 9335.53 | 9338.41 | 9401.08 | 9314.21 | 131794 | 49919460000 | 1.26 |
| 2025-09-12 | 9363.99 | 9336.78 | 9417.11 | 9264.74 | 150581 | 56424480000 | 1.43 |
| 2025-09-11 | 9094.59 | 9337.43 | 9337.54 | 8967.7 | 190822 | 74243480000 | 1.82 |
| 2025-09-10 | 9403.85 | 9345.63 | 9488.04 | 9310.3 | 114221 | 43696150000 | 1.09 |
| 2025-09-09 | 9552.39 | 9414.71 | 9672.58 | 9358.33 | 153104 | 59352120000 | 1.46 |
| 2025-09-08 | 9432.56 | 9595.36 | 9626.65 | 9432.56 | 183323 | 68661860000 | 1.75 |
| 2025-09-05 | 9140.07 | 9409.98 | 9429.58 | 9076.29 | 160415 | 60736990000 | 1.53 |
| 2025-09-04 | 9479.1 | 9135.41 | 9483.71 | 9009.82 | 191088 | 72256530000 | 1.82 |
| 2025-09-03 | 9452.63 | 9460.33 | 9572.79 | 9396.02 | 175311 | 68240930000 | 1.67 |
| 2025-09-02 | 9492.14 | 9443.59 | 9631.72 | 9355.73 | 214920 | 81470890000 | 2.05 |
| 2025-09-01 | 9201.02 | 9464.88 | 9468.85 | 9181.21 | 223175 | 81886550000 | 2.13 |
| 2025-08-29 | 8970.45 | 9167.42 | 9213.86 | 8970.44 | 199580 | 69773250000 | 1.90 |
| 2025-08-28 | 8967.34 | 8981.08 | 9021.46 | 8752.68 | 210723 | 65690370000 | 2.01 |
| 2025-08-27 | 9184.5 | 8979.04 | 9240.53 | 8979.04 | 234323 | 71355670000 | 2.24 |
| 2025-08-26 | 9233.44 | 9170.82 | 9249.21 | 9154 | 186168 | 59201040000 | 1.78 |
| 2025-08-25 | 9097.36 | 9258.81 | 9258.81 | 9097.36 | 236919 | 76184810000 | 2.26 |
| 2025-08-22 | 9022.71 | 9065.85 | 9066.29 | 8964.2 | 159003 | 53197040000 | 1.52 |
| 2025-08-21 | 8942 | 8993.51 | 9047.48 | 8942 | 170464 | 57139670000 | 1.63 |
| 2025-08-20 | 8811.74 | 8913.43 | 8913.43 | 8753.57 | 168083 | 52953910000 | 1.61 |
| 2025-08-19 | 8960.05 | 8847.7 | 9108.28 | 8845.93 | 199758 | 69007890000 | 1.91 |
| 2025-08-18 | 8913 | 8951.71 | 8981.18 | 8897.48 | 205388 | 62877560000 | 1.96 |
| 2025-08-15 | 8801.27 | 8893.99 | 8930.87 | 8785.14 | 160807 | 48231990000 | 1.54 |
| 2025-08-14 | 8924.01 | 8827.89 | 8977.34 | 8814.67 | 157052 | 52926270000 | 1.50 |
| 2025-08-13 | 8753.78 | 8903.12 | 8920.11 | 8732.65 | 170799 | 59178060000 | 1.63 |
| 2025-08-12 | 8758.14 | 8737.62 | 8811.92 | 8695.08 | 131026 | 41956550000 | 1.25 |
| 2025-08-11 | 8675.72 | 8744.25 | 8767.36 | 8663.77 | 125561 | 39664480000 | 1.20 |
| 2025-08-08 | 8681.1 | 8679.91 | 8725.44 | 8603.44 | 123132 | 38274490000 | 1.18 |
| 2025-08-07 | 8747.58 | 8701.98 | 8847.78 | 8683.49 | 152020 | 46336630000 | 1.45 |
| 2025-08-06 | 8809.94 | 8776.56 | 8876.89 | 8743.12 | 142972 | 42597160000 | 1.37 |
| 2025-08-05 | 8792.55 | 8806.2 | 8842.64 | 8739.86 | 146693 | 42992290000 | 1.40 |
| 2025-08-04 | 8710.77 | 8768.61 | 8768.8 | 8571.55 | 178569 | 53683690000 | 1.71 |
| 2025-08-01 | 8804.29 | 8752.88 | 8959.44 | 8714.76 | 182850 | 56842860000 | 1.75 |
| 2025-07-31 | 8913.48 | 8817.03 | 8988.02 | 8787.71 | 208406 | 64554200000 | 1.99 |
| 2025-07-30 | 8910.1 | 8959.68 | 9093.18 | 8873.77 | 232018 | 77171300000 | 2.22 |
| 2025-07-29 | 8802.69 | 8935.44 | 8977.28 | 8719.58 | 209015 | 71848180000 | 2 |
| 2025-07-28 | 8682.97 | 8754.28 | 8757.14 | 8673.46 | 157100 | 52588490000 | 1.50 |
| 2025-07-25 | 8634.73 | 8609.82 | 8742.94 | 8597.13 | 184192 | 55568110000 | 1.76 |
| 2025-07-24 | 8458.78 | 8633.14 | 8655.27 | 8458.78 | 209767 | 58156360000 | 2 |
| 2025-07-23 | 8452.48 | 8450.9 | 8545.74 | 8433.47 | 168748 | 49044000000 | 1.61 |
| 2025-07-22 | 8390.95 | 8452.1 | 8518.65 | 8383.48 | 153808 | 47766300000 | 1.47 |
| 2025-07-21 | 8418.73 | 8402.57 | 8418.73 | 8322.7 | 118697 | 37753830000 | 1.13 |
| 2025-07-18 | 8368.28 | 8432.39 | 8434.55 | 8338.9 | 117848 | 38537010000 | 1.13 |
| 2025-07-17 | 8226.52 | 8353.34 | 8353.56 | 8216.36 | 134887 | 41118800000 | 1.29 |
| 2025-07-16 | 8188.36 | 8227.72 | 8241.34 | 8175.13 | 140425 | 38182400000 | 1.34 |
| 2025-07-15 | 8171.82 | 8179.98 | 8210.98 | 8103.04 | 129127 | 37622840000 | 1.23 |
| 2025-07-14 | 8159.94 | 8171.24 | 8191.87 | 8135.81 | 112798 | 35178230000 | 1.08 |
| 2025-07-11 | 8106.44 | 8160.61 | 8216.07 | 8094.46 | 134131 | 41885140000 | 1.28 |
| 2025-07-10 | 8021.73 | 8066.29 | 8102.56 | 8020.86 | 114523 | 33142550000 | 1.09 |
| 2025-07-09 | 7956.67 | 8016.93 | 8072.51 | 7932.07 | 117678 | 35385530000 | 1.12 |
| 2025-07-08 | 7931.92 | 7973.5 | 8013.46 | 7930.89 | 104300 | 29495130000 | 1 |
| 2025-07-07 | 8048.41 | 7940.77 | 8061.03 | 7935.08 | 91732 | 27987700000 | 0.88 |
| 2025-07-04 | 8026.5 | 8043 | 8095.67 | 8002.89 | 112267 | 33016350000 | 1.07 |
| 2025-07-03 | 7956.85 | 8023.38 | 8038.56 | 7944.06 | 117778 | 32576980000 | 1.13 |
| 2025-07-02 | 8016.21 | 7950.28 | 8042.84 | 7939.09 | 104163 | 27561490000 | 1 |
| 2025-07-01 | 7928.97 | 8013.46 | 8019.22 | 7928.97 | 111268 | 30113060000 | 1.06 |
